44222.21	35600.9	14.97439625
60003.4	26172.72	14.07886825
44300.61	35291.79	14.26157036
52776.47	33453.18	15.347562
49636.39	30697.34	14.42256967
49936.69	35112.35	15.99689205
66629.38	32229.76	7.926757778
55982.62	42108.43	12.76980343
56667.69	35525.32	7.384618042
70709.39	31109.77	12.14286088
58060.97	33833	12.83758137
45466.85	35289.28	14.62184589
45805.19	34971.88	16.94270003
45400.09	34782.01	15.86125113
44940.23	34550.62	15.07666326
44519.6	34394.78	15.19080243
44953.34	34105.64	15.26402046
45350.36	34302.97	16.72155266
46209.36	34629.24	14.8466988
46672.73	34437.48	17.14758129
46210.78	34226.69	15.30648368
45743.11	33997.02	13.83230655
45325.77	33911.13	15.14459273
44814.86	33648.67	15.68177223
45279.63	33350.07	17.24781322
45754.74	33542.69	12.40815318
46147.14	33816.74	13.38964769
46665.02	33956.24	15.81905055
47143.37	33738.92	11.23985983
46560.11	33547.97	14.20033129
46156.62	33228.08	16.26403799
45696.06	33100.64	17.20962189
46043.57	32762.64	17.2816197
46605.4	33002.13	17.00796916
46974.58	32784.76	10.8899675
46801.7	33413.79	12.45907851
45387.92	33091.83	17.68738795
50838.68	33575.61	11.85328744
50300.44	33639.97	11.36912962
51100.6	33361.42	11.30711857
50576	33314.76	11.82403471
49967.89	33192.12	9.589850183
49545.72	33207.53	11.07432869
49116.39	33150.16	8.972242393
49762.73	32786.33	10.78503952
50362.53	32885.45	10.03428288
50257.03	32881.27	10.28007861
50834.38	32946.32	10.49990313
51327.74	32863.08	13.00172973
51137.49	32490.09	8.480841149
50630.34	32496.55	9.244360451
50129.32	32468.7	9.916622152
50104.31	32861.12	11.01881688
49727.31	32514.66	12.8536538
49931.63	32029.23	12.46343934
50499.86	32136.32	7.668958584
50860.56	32022.25	7.072109394
51485.97	32218.21	12.03544047
50959.24	32726.88	8.997155974
51040.57	33074.04	11.25651795
51154.38	33069.88	11.8768775
51409.62	32612.36	11.51708856
51068.04	32257	8.470406313
60393.75	26229.52	13.89904561
45197.13	32903.58	16.55209551
60973.67	26183.72	13.38688677
46380.25	32690.94	17.87298178
59639.95	26494.55	10.13241336
59219.28	26836.28	8.700054978
44414.82	32856.82	15.87281611
49447	33476.64	10.71539994
44244.93	33206.05	15.82788731
43869.56	33854.4	15.28458938
55020.58	33756.42	14.83631966
55529.73	34274.28	14.48773754
44332.63	34161.82	14.35468233
45579.43	35509.71	14.77247993
44977.97	33318.58	16.76901453
45171.68	33669.75	14.89664709
45453.37	33647.83	14.19622674
49137.1	32631.83	10.1771986
49069.1	33115.08	9.857718494
55739.48	33637.33	15.17020567
45648.13	34727.62	17.04710837
45638.97	34550	16.85221322
49832.4	32278.83	13.20934081
49688.77	32098.86	12.14836845
50322.26	31879.12	10.17304532
54843.72	34353.78	12.43688229
55268.13	34346.41	15.22255568
55728.61	34371.79	14.16084562
55843.84	34518.06	13.57502677
56214.52	34397.75	9.554059847
56500.1	34013.06	8.660039668
55925.73	33984.94	12.39762935
55480.07	33940.24	15.04561797
54632.05	33914.03	14.73408932
56119.15	32612.96	9.329727702
55615.71	32903.49	8.833211485
54734.08	33510.53	15.43176452
55258.41	33563.78	16.15113778
54983.33	33216.69	16.16992051
45122.42	34416.74	17.23120112
50572.74	32891.35	9.716184945
51357.75	32414.4	11.1019914
51326.13	33550.64	11.62773029
51617.02	33606.38	10.22391884
52151.57	33361.85	14.92153085
54259.36	32239.7	16.42112664
55569.66	33700.29	15.35053496
56663.45	33754.03	8.865079709
55755.8	33379.74	10.58977587
56348.46	33269.05	14.98574842
60410.43	29206.82	11.64199051
55240.69	32954.01	12.28787037
46686.59	35186.26	15.06680602
60243.38	28207.64	13.37445314
47074.11	35036.71	16.68071924
45666.02	34701.42	17.05532435
60197.3	28759.51	8.38540419
44855.07	34388.07	17.02326532
45604.36	33783.67	12.8988354
46543.22	34185.81	16.73865676
49147.91	32842.46	8.67723506
50897.97	32650.73	8.594212578
50283.66	33457.66	10.76965313
50174.96	32194.93	10.59182912
48901.47	32834.29	9.613587121
49245.55	32450.9	8.689981613
49393.48	31903.55	9.736577938
50173.04	32109.22	11.78027901
55475.03	33269.92	11.73238681
55903.16	33165.05	14.50046618
56144.63	33494.13	15.15957803
56221.91	33837.66	12.56588431
56552.21	33487.88	13.90197049
56039.38	32858.52	11.85691786
55420.23	34657.76	13.26082636
47509.34	34744.25	15.5532689
47370.98	34489.35	12.52458297
60239.73	25983.12	13.78288559
44853.97	34747.5	15.30616922
44760.72	34697.61	13.39164575
60666.27	25661.43	15.88969015
45057.76	35576.29	10.4222367
44525.85	35384.37	12.08142969
44060.09	35227.52	13.61030188
45363.2	34352.43	16.42908154
45317.16	34424.49	16.10905896
43964.38	34637.96	14.70364593
44542.75	34937.82	13.78302718
44912.48	35122.25	12.6285832
44051.26	34154.11	15.02057318
44027.36	33668.97	15.8094933
44575.24	33936.71	15.94403086
44506.32	33270.3	17.22549585
46261.99	35135.72	15.12853569
46618.63	34796.8	16.07037368
47124.62	34627.89	14.59916862
47052.49	34192.42	16.23219776
47509.4	34248.49	15.08319828
47558.49	33821.15	13.94972283
47502.43	33896.25	15.1797936
47410.75	33282.93	9.384237199
45538.83	34655.09	16.50689477
45606.15	35567.92	14.7156703
47268.96	32939.89	7.826314896
49766.23	33652.53	12.28534993
49444.46	33680.84	11.98454537
49076.7	33045.84	10.2829295
48954.28	33550.19	11.23796585
48741.88	33254.28	11.56112562
48663.58	32984.47	11.51007262
48775.83	32339.97	7.908408072
49310.71	32841.23	9.122663438
46351.59	34036	15.74333107
46817	34180.86	16.73493096
46851.87	33691.48	11.96411294
45857.51	35303.24	16.92665358
46310.54	35462.16	16.19025698
47171.21	34377.58	14.76863443
56347.22	32873.91	12.20726194
46075.42	34514.61	15.97833303
55214.9	34042.76	14.42104226
45549.77	33209.73	16.95303034
44766.4	33033.16	15.58865655
46499.06	34711.03	16.00157055
46082.66	34866.25	14.74796066
45188.59	34039.45	14.2209358
45269.67	33845.42	14.77692472
44873.53	34764.13	15.39033338
45228.34	34511	16.81414111
45670.38	34291.08	16.88243994
46034.91	34069.5	14.50082691
46550.09	33775.3	13.52683475
46991.18	34020.51	16.47177836
47003.21	34435.17	16.34901227
46193.96	35036.45	15.49275942
43928.06	34334.05	15.8067573
44812.2	33278.79	18.08916306
46537.49	33318.39	15.1753935
55800.82	32685.93	7.92786691
49353.27	33379.01	11.11930514
49759.46	33423.84	9.066500463
49666.37	32900.78	9.38446308
55743.24	33263.22	13.19470476
56484.69	33655.52	12.44822119
44034.98	34184.69	15.01206938
44096.53	34214.74	15.04596991
56240.58	33739.52	12.69980149
56245.64	33715.54	13.08006376
45109.28	34650.68	16.4248524
51501.35	33207.17	12.47164792
51198.09	33801.54	11.29235299
50359.01	32592.08	9.079021284
45869.9	34340.55	15.73107897
55619.24	34075.93	14.8782959
51046.88	34085.71	11.3609657
51455.28	34093.68	14.47287608
51495.98	33863.91	11.92096296
51654.88	32908.98	12.68790884
51895.57	33295.58	12.80195667
49420.46	32507.29	9.051551777
50092.33	32740.45	10.73041743
50192.05	33210.94	10.25247952
44789.23	32494.53	14.1200358
60569.18	26016.9	13.57872405
44821.5	32808.64	14.56301658
54568.49	34721.21	13.38291839
47094.39	33211.64	11.16394045
62406.82	24694.25	17.45459512
45334.96	32505.49	16.28592508
62749.04	32691.98	11.86533587
57438.44	40484.39	18.22410034
62535.3	30128.56	13.40739593
45586.31	32515.75	17.58105729
45136.89	33794.22	15.61657882
45828.7	35620.29	15.48329024
50684.78	33780.5	10.99258631
55056.36	32269.93	8.637622369
48624.13	33977	12.35967234
45794.67	39577.97	14.30721626
47598.48	35500.08	15.79194835
48135.76	32137.83	7.119959689
71584.98	24301.2	10.97716432
58707.51	26953.91	8.524249922
57760	25248.57	12.97310848
44950.54	34498.97	15.77356262
60549.18	24541.32	18.35016143
61991.58	27570.47	7.932055734
46167.87	35693.43	17.61084932
46616.29	35543.45	16.18938118
47035.4	35263.29	18.33090441
47414.42	35146.32	17.89169778
47764.14	34532.83	15.45395935
46369.13	34866.94	16.30168631
45251.6	35051.89	15.74752393
45167.55	35367.36	10.24775284
44315.06	34977.23	13.8207524
45080.36	34843.95	16.14056424
47811.83	34080.93	12.89772716
47712.17	33607.75	11.67318037
46503.44	33725.56	13.95471476
44675.06	34617.16	14.32654392
44415.35	34611.01	15.20026314
49159.54	32966.96	9.68273539
44175.87	34443.04	15.69222244
44529.75	34169.66	16.78966731
45045.35	33727.99	15.26760357
46130.78	33505.32	12.56193094
47147.42	33564.35	10.29593634
46799.84	33294.07	12.15320102
46344.6	33261.21	15.58259817
45862.26	33330.26	15.63210677
46183.45	32975.34	17.01953496
45682.29	32839.88	16.46116744
45880.63	32484.56	18.05688384
45299.73	32839.39	16.58863606
44771.04	33371.31	18.15999536
44341.39	33419.22	16.23344521
43778.17	33408.55	15.70418611
44292.13	33888.13	15.4928959
49973.55	33488.91	10.7299736
51970.16	33109.94	13.42226484
52520.4	33408.87	16.09386799
52033.62	33662.02	14.61927604
52319.12	33822.87	16.87223811
52744.61	33807.68	14.80487974
52656.48	32985.47	12.35949209
52405.07	33067.43	13.87359367
55424.49	32661.53	8.056116492
51263.71	34149.24	14.14141481
51042.15	33917.45	12.36586307
51254.75	33930.39	12.40016903
51381.26	33712.97	10.89392604
50988.84	33722.11	10.95471084
51105.97	33575.84	11.72219774
51591	33266.28	11.77854665
51510.36	33396.87	11.37363686
51297.04	33377.79	12.31512035
50970.22	33461.96	10.95158466
50654.96	33590.95	11.06397794
50070.56	33589.59	12.77296609
49626.83	33494.15	10.03776746
49770.02	33396.36	9.17920239
50226.13	33431.7	10.55683842
50397.26	33470.37	12.20193897
50784.8	33364.63	11.79650415
50386.12	33227.78	11.51453781
50873.55	33181.15	10.74706957
51334.64	33166.1	12.33652103
51560.44	32970.99	12.91464327
51496.96	32746.72	11.56484716
51258.64	33019.23	12.16223772
51175.26	32748.86	10.51665903
51096.11	32853.85	10.3030895
50587.7	33155.51	9.831773247
50810.89	32746.74	9.078947535
50568.24	32634.64	9.340643842
50583.09	32831.16	9.457823961
49369.33	32901.51	9.900065809
50782.17	32581.35	8.156170244
50910.53	32349.45	8.213589297
50741.85	32233.7	8.301655388
50590.96	32359.24	8.903706229
50394	32316.65	9.755406595
50189.52	32625.78	9.538877494
50531.73	32114.93	7.558975824
50202.07	32312.55	10.19800633
49920.74	32557.83	13.19689955
49670.85	32641.29	10.93902785
48340.18	29496.68	16.25123032
49517.72	32741.02	10.1370604
49130.96	32875.17	8.334068472
49016.28	33074.18	10.05351891
48912.77	32902.44	9.254242808
48700.73	32798.86	10.48654849
48907.8	32668.79	9.666666564
49385.37	32318.29	9.648873229
49587.92	32308.92	11.01737399
50070.84	32254.24	11.81808805
50393.7	33185.98	10.88336159
49550.38	36038.37	17.61700421
50862.78	32190.59	8.959637539
51192.59	32921.01	11.68573419
52349.52	32658.6	10.04619849
52283.56	33296.99	15.85658828
52648.91	33650.42	14.84453099
49147.74	33364.53	9.187140364
49436.66	33563.01	11.40384182
49910.91	33346.1	9.871866733
49948.97	33000.87	9.428573305
49577.9	32759.16	10.27230409
59972.96	38108.69	9.466408111
55043.06	33934.73	15.17373702
60664.92	31132.98	16.57384731
66877.17	27255.65	13.72569399
45756.68	34533.74	15.27891187
57853.2	28716.96	19.70955949
53717.64	27583.19	13.61203136
47098.87	31226.15	8.64267307
45509.32	34429.68	16.39901628
54229.32	39009.72	18.98964273
63779.36	38029.76	15.66063443
57749.36	30469.71	17.43068384
64809.37	33849.75	6.991878284
68809.4	28809.76	9.534014575
68424.41	25489.74	12.47749034
44899.29	34258.28	15.2484483
44232.6	36316.84	15.19929142
70509.41	28059.76	10.43736113
44528.07	35491.87	11.41415323
45255.43	35296.85	12.49782741
44803.69	35144.48	11.48925756
44541.64	35060.05	13.44292548
44134.62	34888.16	14.59454856
43848.69	34561.87	14.67657102
44457.7	34669.84	14.39390213
45328.64	34918.65	16.38389194
45787.89	35127.32	16.6612597
45612.78	34300.97	17.04467486
44826.49	33955.8	15.87360058
44471.29	34137.46	16.81258226
44091.34	33898.29	15.4339523
44494.31	33698.89	15.55629911
44960.08	33661.75	15.49938993
45404.1	33481.12	16.30479083
46045.8	33432.77	13.12567565
46990.24	33474.76	11.71066666
46097.23	33818.36	13.47419795
46123.52	34188.11	15.88506227
49422.17	32951.47	10.51698854
49655.11	33188.02	9.662072981
49983.62	33021.67	9.668614012
50141.12	33228.5	10.38100261
55193.75	33725.84	14.71694225
55488.36	33939.01	15.0467126
55785.79	33864.83	12.76505059
56078.45	34059.89	12.07917874
56100.05	33748.71	13.86892278
55828.8	33547.87	13.392819
55454.89	33566.12	14.79524463
55177.71	33437.2	14.08849083
55343.95	33300.18	13.77278252
56107.58	33369.87	14.13802783
51362.81	33143.69	12.14166751
51405.75	33126.76	12.07261538
50429.03	33310.85	12.58733659
50464.22	32902.97	10.49119346
50113.79	32939.97	10.35886824
50393.87	32531.17	9.447417335
50302.28	32546.23	9.628764901
50604.69	32655.07	9.265837525
50749.22	32588.13	8.398954454
51028.92	32834.36	9.813269145
51071.9	33030.3	11.33370872
51042.83	33027.39	11.16377872
50749.07	33201.84	10.5944863
51288.27	33267.98	12.82360144
51292.78	33492.35	11.78888025
51100.64	33726.91	10.43597071
45756.77	34144.3	15.26607832
44678.22	34408.79	15.80003721
46443.48	34407.75	17.28758469
60556.19	28640.22	9.841151276
60379.34	31457.94	16.33546521
60677.44	31433.97	16.30322747
60975.35	31344.5	15.38226676
60884.95	31640.23	15.23034752
60550.23	31709.42	14.07661338
68473.37	36612.77	11.75165353
51633.15	32511.79	13.23347403
46567.51	35388.1	15.03025981
62853.36	35882.76	9.893741287
44510.41	33626.02	16.22464242
43773.71	33722.18	15.65549254
65193.4	26832.74	9.374795413
50022.04	40606.42	7.636603188
43745.18	35114.25	14.62249662
71483.43	25152.76	11.01453208
51554.73	46308.47	16.90257265
